***MATERIAL, NAME=DP590
*USER OUTPUT VARIABLES
1,
*DENSITY
*** (kg/mm3)
7.820E-6, 25
*CONDUCTIVITY, TYPE=ISO, DEPENDENCIES=1
*** (J/s-mm-degC)
65.2E-3, 20, 0
60.2E-3, 100, 0
55.5E-3, 200, 0
50.7E-3, 300, 0
46.0E-3, 400, 0
41.5E-3, 500, 0
36.9E-3, 600, 0
32.9E-3, 700, 0
28.9E-3, 800, 0
27.6E-3, 900, 0
27.6E-3, 1000, 0
28.5E-3, 1100, 0
29.7E-3, 1200, 0
30.9E-3, 1300, 0
0.037, 1475, 0
*** Enhanced above liquidus temperature (degC)
**0.390, 1545, 0
**0.780, 1600, 0
*** interpass control
1.0E-8, 20,  1
*SPECIFIC HEAT
*** (J/kg-degC)
 481,   20.
 502,  100
 527,  200
 561,  300
 611,  400
 682,  500
 778,  600
 983,  700
*LATENT HEAT
*** (J/kg, Ts,   Tl)
247.0E+3, 1475, 1545
*ANNEAL TEMPERATURE
1500,
*ELASTIC, TYPE=ISO
*** (GPa)
206000.0, 0.3,  22.0 
203000.0, 0.3, 100.0 
201000.0, 0.3, 200.0 
200000.0, 0.3, 300.0 
165000.0, 0.3, 400.0 
100000.0, 0.3, 500.0 
 60000.0, 0.3, 600.0 
 40000.0, 0.3, 700.0 
 30000.0, 0.3, 800.0 
 20000.0, 0.3, 900.0 
 10000.0, 0.3, 1000.0 
 10000.0, 0.3, 1500.0 
*PLASTIC
*** (MPa)
333.940000,	0.000000,	22.000000
455.050000,	0.010936,	22.000000
579.820000,	0.033439,	22.000000
675.230000,	0.081308,	22.000000
722.940000,	0.140778,	22.000000
243.631431,	0.000000,	200.000000
419.221792,	0.010936,	200.000000
560.000000,	0.033439,	200.000000
649.632632,	0.081308,	200.000000
672.015553,	0.140778,	200.000000
206.106693,	0.000000,	300.000000
398.565432,	0.010936,	300.000000
538.455922,	0.033439,	300.000000
630.000000,	0.081308,	300.000000
650.000000,	0.140778,	300.000000
186.245475,	0.000000,	400.000000
314.510180,	0.010936,	400.000000
422.949584,	0.033439,	400.000000
546.656155,	0.081308,	400.000000
585.646836,	0.140778,	400.000000
169.053156,	0.000000,	500.000000
295.638891,	0.010936,	500.000000
366.600070,	0.033439,	500.000000
405.923412,	0.081308,	500.000000
450.241745,	0.140778,	500.000000
140.211181,	0.000000,	600.000000
221.599870,	0.010936,	600.000000
280.547951,	0.033439,	600.000000
293.794216,	0.081308,	600.000000
306.189349,	0.140778,	600.000000
93.796946,	0.000000,	700.000000
150.434286,	0.010936,	700.000000
171.820369,	0.033439,	700.000000
168.627380,	0.081308,	700.000000
172.025793,	0.140778,	700.000000
47.232784,	0.000000,	800.000000
67.380782,	0.010936,	800.000000
84.848402,	0.033439,	800.000000
85.849876,	0.081308,	800.000000
88.607219,	0.140778,	800.000000
2.000000,	0.000000,	1500.000000
2.000000,	0.040000,	1500.000000
*EXPANSION, TYPE=ISO, ZERO=25
1.170E-05,  20.0 
1.170E-05, 100.0 
1.220E-05, 200.0 
1.280E-05, 300.0 
1.330E-05, 400.0 
1.280E-05, 500.0 
1.440E-05, 600.0 
1.480E-05, 700.0 
1.480E-05,1500.0 