***
*** E91T1-B3L Modified based on Low Alloy Steel ASTM 2.25Cr-1.0Mo
*** Carbon (C) 0.11; Chromium (Cr) 2.3; Columbium (Cb) 0.005;
*** Copper (Cu) 0.11; Manganese (Mn) 0.41; Molybdenum (Mo) 0.95
*** Nickel (Ni) 0.12; Phosphorus (P) 0.009; Silicon (Si) 0.22
*** Sulfur (S) 0.007; Vanadium (V) 0.006
***
*USER OUTPUT VARIABLES
1,
***********************************************************
***                Thermal                              ***
***********************************************************
*DENSITY
*** (kg/mm3)
7.85E-6, 25
*CONDUCTIVITY, TYPE=ISO
*** (J/s-mm-degC)
0.0395, 25
0.0401, 77
0.0402, 127
0.0401, 177
0.0397, 227
0.0393, 277
0.0386, 327
0.0379, 377
0.0370, 427
0.0361, 477
0.0350, 527
0.0338, 577
0.0325, 627
0.0310, 677
0.0296, 727
0.0280, 860
0.0299, 1000
0.0326, 1200
0.0353, 1460
*** Enhanced above liquidus temperature (degC)
0.520, 1540
0.960, 1600
*SPECIFIC HEAT
*** (J/kg-degC)
448, 25
455, 66
462, 93
469, 121
476, 149
483, 177
490, 204
497, 232
504, 260
511, 288
518, 316
525, 343
532, 371
539, 399
546, 427
553, 454
560, 482
567, 510
574, 538
581, 566
588, 593
595, 621
602, 649
609, 780
616, 800
623, 840
630, 860
637, 1200
644, 1400
651, 1440
658, 1480
665, 1500
672, 1540
*LATENT HEAT
*** J/kg,     Ts,   Tl
256.1E+3, 1460, 1540
***********************************************************
***                Mechanical                           ***
***********************************************************
*ANNEAL TEMPERATURE
1500,
*ELASTIC, TYPE=ISO
*** (MPa)
203.8E+3, 0.284, 25
193.2E+3, 0.299, 199.4
178.8E+3, 0.303, 403.6
168.9E+3, 0.310, 549.8
162.9E+3, 0.310, 601.8
 93730.5,  0.3,  700.0
  3900.5,  0.3,  800.0
  1400.0,  0.3, 1500.0
*PLASTIC, HARDENING=KINEMATIC
*** (MPa)
595.0, 0.0, 25
690.0, 0.1, 25
280.0, 0.0, 450
430.0, 0.1, 450
200.0, 0.0, 600
310.0, 0.1, 600
 49.0, 0.0, 950
119.2, 0.1, 950
  2.2, 0.0, 1500
  2.2, 0.1, 1500
*EXPANSION, TYPE=ISO, ZERO=25
 9.83E-6, 25
10.23E-6, 66
10.64E-6, 93
10.96E-6, 121
11.25E-6, 149
11.54E-6, 177
11.91E-6, 204
12.18E-6, 232
12.42E-6, 260
12.69E-6, 288
12.88E-6, 316
13.14E-6, 343
13.33E-6, 371
13.48E-6, 399
13.64E-6, 427
13.84E-6, 454
13.98E-6, 482
14.14E-6, 510
14.28E-6, 538
14.40E-6, 566
14.53E-6, 593
14.53E-6, 784
12.40E-6, 803
10.46E-6, 857.32
12.54E-6, 1000
14.68E-6, 1200
15.54E-6, 1300
16.30E-6, 1400
16.85E-6, 1460
15.96E-6, 1540
 6.08E-6, 4000