***
*** ER308L modified based on Stainless Steel
*** C, 0.08 MAX; Si, 1 max; Mn, 2.0 max;
*** P, Max 0.045; S, Max 0.03
*** Cr. 18-20; Ni: 8-10.5; N: 0.1
***
*** 
*USER OUTPUT VARIABLES
1,
***********************************************************
***                Thermal                              ***
***********************************************************
*DENSITY
*** (kg/mm3)
8.00E-6, 25
*CONDUCTIVITY, TYPE=ISO
*** (J/s-mm-degC)
*** 0.0519, 25
0.015336, 25
0.016074, 100
0.017275, 200
0.018603, 300
0.02, 400
0.021437, 500
0.022901, 600
0.022709, 608.36
0.023624, 646.22
0.024455, 700
0.026019, 800
0.027613, 900
0.027939, 920.04
0.029061, 987.24
0.029267, 1000
0.030882, 1100
0.034148, 1300
0.034893, 1353.68
0.035639, 1384.43
0.036384, 1400
0.03713, 1432.1
0.037875, 1445.02
0.03862, 1500
*SPECIFIC HEAT
*** (J/kg-degC)
452.17, 25
474.47, 100
497.31, 200
517.72, 300
538.09, 400
559.84, 500
570.69, 600
592.77, 700
624.53, 800
669.58, 900
636.57, 1000
656.39, 1100
770.24, 1300
790.66, 1400
812.25, 1500
*LATENT HEAT
*** J/kg,     Ts,   Tl
220.0E+3, 1360, 1460
***********************************************************
***                Mechanical                           ***
***********************************************************
*ANNEAL TEMPERATURE
1440,
*ELASTIC, TYPE=ISO
*** (MPa)
*** Modulus of Elasticity 200 GPa
*** Poisson's Ratio 0.29
195811.184, 0.294, 23.865
188288.2424, 0.294, 148.74
177195.332, 0.294, 287.49
170990.048, 0.294, 370.74
162716.336, 0.294, 481.74
153753.148, 0.294, 592.74
146168.912, 0.294, 703.74
137895.2, 0.294, 814.74
1399.91207, 0.294, 1480
*PLASTIC
*** (MPa)
396.4625, 0, 23.8865
606.760, 0.25, 23.8865
190.9849, 0, 148.874
273.722, 0.05, 148.874
363.147, 0.1, 148.874
600.5336, 0.25, 148.874
160.3032, 0, 287.749
257.5193, 0.0508, 287.749
367.8354, 0.1135, 287.749
445.4015, 0.2493, 287.749
150.3058, 0, 371.074
246.8324, 0.0508, 371.074
357.1486, 0.1135, 371.074
445.4015, 0.2493, 371.074
137.2057, 0, 482.174
223.3902, 0.05, 482.174
309.5747, 0.1, 482.174
428.1646, 0.25, 482.174
124.7952, 0, 593.274
204.0849, 0.05, 593.274
293.7168, 0.1, 593.274
364.7328, 0.25, 593.274
111.6951, 0, 704.374
166.8532, 0.05, 704.374
226.4239, 0.1, 704.374
266.1377, 0.25, 704.374
78.60026, 0, 815.474
106.1793, 0.05, 815.474
133.7583, 0.1, 815.474
144.79, 0.25, 815.474
3.0, 0, 1440
3.0, 0.1, 1440
*EXPANSION, TYPE=ISO, ZERO=25
****DATA AFTER 700C ARE OMMITTED
1.456E-05,  21.0
1.602E-05, 100.0
1.620E-05, 315.6
1.746E-05, 537.8
1.854E-05, 648.9
1.998E-05, 815.6
