*USER OUTPUT VARIABLES
1,
*DENSITY
*** kg/mm3
8.44E-6,
*CONDUCTIVITY, TYPE=ISO
*** W/mm/oC
 9.8E-3,   24
12.5E-3,  204
17.5E-3,  538
25.2E-3,  982
*SPECIFIC HEAT
*** J/kg/degC
410,  24
456, 204
536, 538
645, 982
*LATENT HEAT
*** J/kg, Ts, Tl
250.0E+3, 1260, 1350
*ELASTIC
*** GPa
207.5E+3, 0.278,   21
204.1E+3, 0.280,   93
197.9E+3, 0.286,  204
191.7E+3, 0.290,  316
185.5E+3, 0.295,  427
178.6E+3, 0.305,  538
170.3E+3, 0.321,  649
160.6E+3, 0.340,  760
147.5E+3, 0.336,  871
 80.0E+3, 0.321, 1000
  2.0E+3, 0.303, 1290
*PLASTIC, HARDENING=KINEMATIC
*** MPa
490, 0.0,  24
905, 0.1,  24
450, 0.0, 160
875, 0.1, 160
427, 0.0, 289
845, 0.1, 289
418, 0.0, 513
866, 0.1, 513
430, 0.0, 700
646, 0.1, 700
381, 0.0, 825
416, 0.1, 825
200, 0.0, 920
211, 0.1, 920
 80, 0.0, 1070
 90, 0.1, 1070
2.5, 0.0, 1350
2.5, 0.1, 1350
*EXPANSION, ZERO=25
12.8E-6,   93
13.1E-6,  204
13.3E-6,  316
13.7E-6,  427
14.0E-6,  538
14.8E-6,  649
15.3E-6,  760
15.8E-6,  871
16.2E-6,  927
16.2E-6, 1290
 5.0E-6, 1600
 5.0E-7, 1900
*ANNEAL TEMPERATURE
1350,