*** p91_welding_06.pdf
*USER OUTPUT VARIABLES
1,
*DENSITY
*** kg/mm3
7.77E-6,
*CONDUCTIVITY, TYPE=ISO
*** W/mm/oC
26.7E-3, 25
29.8E-3, 400
29.3E-3, 700
33.4E-3, 1000
43.2E-3, 1350
*SPECIFIC HEAT
*** J/kg/degC
462, 25
700, 490
950, 700
673, 1010
740, 1350
*LATENT HEAT
*** J/kg, Ts, Tl
260.0E+3, 1420, 1500
*ELASTIC
*** GPa
216.0E+3, 0.27, 25
156.0E+3, 0.33, 600
120.0E+3, 0.35, 750
 88.0E+3, 0.38, 1000
  2.0E+3, 0.41, 1420
*PLASTIC, HARDENING=KINEMATIC
*** MPa
520.0, 0.00, 25
680.0, 0.06, 25
***
472.0, 0.00, 200
620.0, 0.06, 200
***
443.7, 0.00, 400
555.0, 0.06, 400
***
280.2, 0.00, 600
360.0, 0.06, 600
***
 78.7, 0.00, 752
120.0, 0.06, 752
***
 19.5, 0.00, 1000
 36.0, 0.06, 1000
***
  2.0, 0.00, 1500
  2.0, 0.50, 1500
*EXPANSION, ZERO=25
11.0E-6, 25
12.8E-6, 700
12.4E-6, 900
14.8E-6, 1400
 8.0E-6, 2500
*ANNEAL TEMPERATURE
1500,